12.0 84 80 2.0
14.0 83 80 0.5
14.5 81 80 0.5
15.0 79 80 2.0
17.0 77 80 0.5
17.5 76 80 0.5
18.0 74 80 0.5
18.5 71 80 0.5
19.0 72 80 0.5
19.5 77 80 2.0
21.5 76 80 0.5
22.0 79 80 0.5
22.5 84 80 1.0
23.5 75 80 1.0
24.5 74 80 0.5
25.0 77 80 0.5
25.5 82 80 1.0
26.5 74 80 1.0
27.5 72 80 0.5
28.0 76 80 0.5
28.5 81 80 1.0
29.5 72 80 1.0
30.5 70 80 0.5
31.0 74 80 0.5
31.5 79 80 1.0
32.5 70 80 1.0
33.5 69 80 0.5
34.0 74 80 0.5
34.5 79 80 0.5
35.0 81 80 0.25
35.25 79 80 0.25
35.5 77 80 0.25
35.75 76 80 0.25
36.0 77 80 0.25
36.25 76 80 0.25
36.5 77 80 0.25
36.75 74 80 0.25
37.0 69 80 0.25
37.25 74 80 0.25
37.5 79 80 0.25
37.75 77 80 0.25
38.0 79 80 0.25
38.25 76 80 0.25
38.5 72 80 0.25
38.75 76 80 0.25
39.0 81 80 0.25
39.25 79 80 0.25
39.5 81 80 0.25
39.75 77 80 0.25
40.0 74 80 0.25
40.25 77 80 0.25
40.5 82 80 0.25
40.75 81 80 0.25
41.0 82 80 0.25
41.25 79 80 0.25
41.5 81 80 0.25
41.75 82 80 0.25
42.0 73 80 0.5
42.5 81 80 0.5
43.0 74 80 1.0
44.0 71 80 0.5
44.5 73 80 0.5
45.0 74 80 1.5
47.0 69 80 1.25
48.25 66 80 0.25
48.5 67 80 0.25
48.75 69 80 0.25
49.0 70 80 0.25
49.25 72 80 0.25
49.5 74 80 0.25
49.75 77 80 0.25
50.0 75 80 0.25
50.25 74 80 0.25
50.5 72 80 0.25
50.75 70 80 0.25
51.0 72 80 1.5
54.0 82 80 2.0
56.0 81 80 0.5
56.5 79 80 0.5
57.0 77 80 2.0
59.0 75 80 0.5
59.5 74 80 0.5
60.0 72 80 0.5
60.5 69 80 0.5
61.0 70 80 0.5
61.5 75 80 2.0
63.5 74 80 0.5
64.0 77 80 0.5
64.5 82 80 0.5
65.0 84 80 0.25
65.25 82 80 0.25
65.5 81 80 0.25
65.75 79 80 0.25
66.0 81 80 0.25
66.25 79 80 0.25
66.5 81 80 0.25
66.75 77 80 0.25
67.0 72 80 0.25
67.25 77 80 0.25
67.5 82 80 0.25
67.75 81 80 0.25
68.0 82 80 0.25
68.25 79 80 0.25
68.5 76 80 0.25
68.75 79 80 0.25
69.0 84 80 0.25
69.25 82 80 0.25
69.5 84 80 0.25
69.75 81 80 0.25
70.0 76 80 0.25
70.25 81 80 0.25
70.5 86 80 0.25
70.75 84 80 0.25
71.0 86 80 0.25
71.25 82 80 0.25
71.5 84 80 0.25
71.75 86 80 0.25
72.0 76 80 0.5
72.5 84 80 0.5
73.0 79 80 1.0
74.0 74 80 0.5
74.5 76 80 0.5
75.0 77 80 0.25
75.25 76 80 0.25
75.5 77 80 0.25
75.75 81 80 0.25
76.0 76 80 0.25
76.25 79 80 0.25
76.5 77 80 0.25
76.75 79 80 0.25
77.0 81 80 0.25
77.25 82 80 0.25
77.5 84 80 0.25
77.75 81 80 0.25
78.0 77 80 0.25
78.25 75 80 0.25
78.5 77 80 0.25
78.75 82 80 0.25
79.0 74 80 0.25
79.25 77 80 0.25
79.5 76 80 0.25
79.75 77 80 0.25
80.0 79 80 0.25
80.25 81 80 0.25
80.5 82 80 0.25
80.75 79 80 0.25
81.0 76 80 0.25
81.25 74 80 0.25
81.5 76 80 0.25
81.75 81 80 0.25
82.0 72 80 0.25
82.25 76 80 0.25
82.5 74 80 0.25
82.75 76 80 0.25
83.0 77 80 0.25
83.25 79 80 0.25
83.5 81 80 0.25
83.75 77 80 0.25
84.0 74 80 0.25
84.25 72 80 0.25
84.5 74 80 0.25
84.75 79 80 0.25
85.0 70 80 0.25
85.25 74 80 0.25
85.5 72 80 0.25
85.75 74 80 0.25
86.0 76 80 0.25
86.25 77 80 0.25
86.5 79 80 0.25
86.75 76 80 0.25
87.0 72 80 0.25
87.25 70 80 0.25
87.5 72 80 0.25
87.75 77 80 0.25
88.0 70 80 0.5
88.5 69 80 0.5
89.0 70 80 0.5
89.5 67 80 0.5
90.0 65 80 1.5
91.5 62 80 0.25
92.0 60 80 0.25
92.5 58 80 0.25
93.0 57 80 0.25
93.25 60 80 0.25
93.5 62 80 0.25
93.75 58 80 0.25
94.0 60 80 0.25
94.5 70 80 0.25
95.0 69 80 0.25
95.5 67 80 0.25
96.0 65 80 0.5
96.5 74 80 1.5
98.0 76 80 0.5
98.5 77 80 0.5
99.0 72 80 2.0
101.0 76 80 0.5
101.5 77 80 0.5
102.0 70 80 2.0
104.0 76 80 0.75
104.75 77 80 0.125
104.875 79 80 0.125
105.0 69 80 1.5
106.5 71 80 0.25
106.75 72 80 0.125
106.875 71 80 0.125
106.875 72 80 0.125
107.0 71 80 0.125
107.125 72 80 0.125
107.125 71 80 0.125
107.25 72 80 0.125
107.33333333333333 71 80 0.125
107.375 72 80 0.125
107.5 71 80 0.125
107.625 72 80 0.125
107.66666666666667 71 80 0.125
107.75 72 80 0.25
108.0 72 80 0.25
108.25 71 80 0.25
108.5 72 80 0.25
108.75 76 80 0.25
109.0 71 80 0.25
109.25 74 80 0.25
109.5 72 80 0.25
109.75 74 80 0.25
110.0 76 80 0.25
110.25 77 80 0.25
110.5 79 80 0.25
110.75 76 80 0.25
111.0 72 80 0.25
111.25 70 80 0.25
111.5 72 80 0.25
111.75 77 80 0.25
112.0 69 80 0.25
112.25 72 80 0.25
112.5 71 80 0.25
112.75 72 80 0.25
113.0 74 80 0.25
113.25 76 80 0.25
113.5 77 80 0.25
113.75 74 80 0.25
114.0 71 80 0.25
114.25 69 80 0.25
114.5 71 80 0.25
114.75 76 80 0.25
115.0 67 80 0.25
115.25 71 80 0.25
115.5 69 80 0.25
115.75 71 80 0.25
116.0 72 80 0.25
116.25 74 80 0.25
116.5 76 80 0.25
116.75 72 80 0.25
117.0 69 80 0.25
117.25 67 80 0.25
117.5 69 80 0.25
117.75 74 80 0.25
118.0 65 80 0.25
118.25 69 80 0.25
118.5 67 80 0.25
118.75 69 80 0.25
119.0 71 80 0.25
119.25 72 80 0.25
119.5 74 80 0.25
119.75 67 80 0.25
120.0 72 80 0.25
120.25 67 80 0.25
120.5 69 80 0.25
120.75 65 80 0.25
121.0 67 80 0.25
121.5 77 80 0.25
122.0 76 80 0.25
122.5 74 80 0.25
123.0 72 80 1.0
124.5 69 80 0.25
125.0 67 80 0.25
125.5 65 80 0.25
126.0 64 80 1.5
127.5 77 80 1.625
129.25 76 80 0.25
129.5 83 80 0.25
130.0 84 80 0.25
130.5 76 80 1.75
132.25 74 80 0.25
132.5 83 80 0.5
133.0 84 80 0.5
133.5 74 80 1.75
135.25 72 80 0.25
135.5 83 80 0.25
136.0 84 80 0.25
136.5 72 80 0.25
136.75 71 80 0.125
136.875 72 80 0.125
136.875 71 80 0.125
137.0 72 80 0.125
137.125 71 80 0.125
137.125 72 80 0.125
137.25 71 80 0.125
137.33333333333334 72 80 0.125
137.375 71 80 0.125
137.5 72 80 0.125
137.625 71 80 0.125
137.66666666666666 72 80 0.125
137.75 71 80 0.25
138.0 71 80 0.25
138.25 69 80 0.25
138.5 71 80 0.25
138.75 67 80 0.25
139.0 62 80 0.25
139.25 67 80 0.25
139.5 72 80 0.25
139.75 71 80 0.25
140.0 72 80 0.25
140.25 67 80 0.25
140.5 64 80 0.25
140.75 67 80 0.25
141.0 74 80 0.25
141.25 72 80 0.25
141.5 74 80 0.25
141.75 71 80 0.25
142.0 67 80 0.25
142.25 71 80 0.25
142.5 76 80 0.25
142.75 74 80 0.25
143.0 76 80 0.25
143.25 72 80 0.25
143.5 67 80 0.25
143.75 72 80 0.25
144.0 71 80 1.5
146.0 71 80 1.25
147.25 68 80 0.25
147.5 69 80 0.25
147.75 71 80 0.25
148.0 72 80 0.25
148.25 74 80 0.25
148.5 76 80 0.25
148.75 79 80 0.25
149.0 77 80 0.25
149.25 76 80 0.25
149.5 74 80 0.25
149.75 72 80 0.25
150.0 74 80 1.5
152.5 83 80 0.5
153.0 84 80 1.0
154.0 72 80 0.5
154.5 60 80 1.0
155.5 84 80 0.5
156.0 82 80 1.0
157.0 72 80 0.5
157.5 60 80 1.0
158.5 81 80 0.5
159.0 79 80 0.25
159.25 71 80 0.25
159.5 72 80 0.25
159.75 74 80 0.25
160.0 76 80 0.25
160.25 77 80 0.25
160.5 79 80 0.25
160.75 82 80 0.25
161.0 81 80 0.25
161.25 79 80 0.25
161.5 77 80 0.25
161.75 76 80 0.25
162.0 81 80 0.25
162.25 79 80 0.25
162.5 81 80 0.25
162.75 77 80 0.25
163.0 72 80 0.25
163.25 77 80 0.25
163.5 81 80 0.25
163.75 79 80 0.25
164.0 81 80 0.25
164.25 77 80 0.25
164.5 72 80 0.25
164.75 77 80 0.25
165.0 81 80 0.25
165.25 79 80 0.25
165.5 81 80 0.25
165.75 78 80 0.25
166.0 72 80 0.25
166.25 78 80 0.25
166.5 81 80 0.25
166.75 79 80 0.25
167.0 81 80 0.25
167.25 78 80 0.25
167.5 72 80 0.25
167.75 78 80 0.25
168.0 79 80 1.0
169.0 70 80 0.5
169.5 62 80 1.0
170.5 82 80 0.5
171.0 83 80 0.5
171.5 78 80 0.5
172.0 71 80 0.5
172.5 64 80 1.0
173.5 83 80 0.5
174.0 84 80 0.25
174.25 83 80 0.25
174.5 81 80 0.25
174.75 80 80 0.25
175.0 81 80 1.5
186.0 86 80 2.0
188.0 84 80 0.5
188.5 82 80 0.5
189.0 81 80 2.0
191.0 79 80 0.5
191.5 77 80 0.5
192.0 76 80 0.5
192.5 73 80 0.5
193.0 74 80 0.5
193.5 79 80 1.75
195.5 77 80 0.25
196.5 70 80 0.25
197.0 69 80 0.25
197.5 67 80 0.25
198.0 65 80 0.25
198.25 69 80 0.25
198.5 70 80 0.25
198.75 67 80 0.25
199.0 69 80 0.25
199.5 79 80 0.25
200.0 77 80 0.25
200.5 76 80 0.25
201.0 74 80 1.0
203.0 69 80 1.25
204.25 66 80 0.25
204.5 67 80 0.25
204.75 69 80 0.25
205.0 70 80 0.25
205.25 72 80 0.25
205.5 74 80 0.25
205.75 77 80 0.25
206.0 75 80 0.25
206.25 74 80 0.25
206.5 72 80 0.25
206.75 70 80 0.25
207.0 72 80 1.5
209.0 72 80 1.5
210.5 70 80 0.25
210.75 68 80 0.25
211.0 67 80 0.25
211.25 65 80 0.25
211.5 63 80 1.5
213.0 63 80 0.25
213.25 62 80 0.25
213.5 69 80 0.5
214.0 70 80 0.5
214.5 62 80 1.75
216.25 60 80 0.25
216.5 69 80 0.25
217.0 70 80 0.25
217.5 60 80 2.0
219.5 58 80 0.5
220.0 62 80 0.5
220.5 65 80 0.5
221.0 70 80 0.5
221.5 74 80 0.5
222.0 72 80 0.5
222.5 71 80 0.5
223.0 62 80 0.5
223.5 55 80 1.0
224.5 74 80 0.5
225.0 75 80 0.25
225.25 74 80 0.25
225.5 75 80 0.25
225.75 72 80 0.25
226.0 67 80 0.25
226.25 72 80 0.25
226.5 75 80 0.25
226.75 74 80 0.25
227.0 75 80 0.25
227.25 72 80 0.25
227.5 67 80 0.25
227.75 72 80 0.25
228.0 76 80 0.25
228.25 74 80 0.25
228.5 76 80 0.25
228.75 73 80 0.25
229.0 67 80 0.25
229.25 73 80 0.25
229.5 76 80 0.25
229.75 74 80 0.25
230.0 76 80 0.25
230.25 73 80 0.25
230.5 67 80 0.25
230.75 73 80 0.25
231.0 74 80 0.5
231.5 77 80 0.5
232.0 82 80 0.75
232.75 86 80 0.25
233.0 84 80 0.25
233.25 82 80 0.25
233.5 81 80 0.25
233.75 79 80 0.25
234.0 81 80 0.25
234.25 79 80 0.25
234.5 77 80 0.25
234.75 76 80 0.25
235.0 77 80 1.5
246.0 84 80 2.0
248.0 83 80 0.5
248.5 81 80 0.5
249.0 79 80 2.0
251.0 77 80 0.5
251.5 76 80 0.5
252.0 74 80 0.5
252.5 71 80 0.5
253.0 72 80 0.5
253.5 77 80 2.0
255.5 76 80 0.5
256.0 79 80 0.5
256.5 84 80 1.0
257.5 75 80 1.0
258.5 74 80 0.5
259.0 72 80 0.5
259.5 82 80 1.0
260.5 74 80 1.0
261.5 72 80 0.5
262.0 76 80 0.5
262.5 81 80 1.0
263.5 72 80 1.0
264.5 70 80 0.5
265.0 74 80 0.5
265.5 79 80 1.0
266.5 70 80 1.0
267.5 69 80 0.5
268.5 62 80 0.25
269.0 60 80 0.25
269.5 58 80 0.25
270.0 57 80 0.25
270.25 60 80 0.25
270.5 62 80 0.25
270.75 58 80 0.25
271.0 60 80 0.25
271.5 70 80 0.25
272.0 69 80 0.25
272.5 67 80 0.25
273.0 65 80 0.5
273.5 84 80 1.25
274.75 82 80 0.25
275.0 81 80 0.25
275.25 82 80 0.25
275.5 84 80 0.25
275.75 81 80 0.25
276.0 77 80 0.25
276.25 75 80 0.25
276.5 77 80 0.25
276.75 82 80 0.25
277.0 74 80 0.25
277.25 77 80 0.25
277.5 76 80 0.25
277.75 77 80 0.25
278.0 79 80 0.25
278.25 81 80 0.25
278.5 82 80 0.25
278.75 79 80 0.25
279.0 76 80 0.25
279.25 74 80 0.25
279.5 76 80 0.25
279.75 84 80 0.25
280.0 72 80 0.25
280.25 76 80 0.25
280.5 74 80 0.25
280.75 76 80 0.25
281.0 77 80 0.25
281.25 79 80 0.25
281.5 81 80 0.25
281.75 77 80 0.25
282.0 74 80 0.25
282.25 72 80 0.25
282.5 74 80 0.25
282.75 79 80 0.25
283.0 70 80 0.25
283.25 74 80 0.25
283.5 72 80 0.25
283.75 74 80 0.25
284.0 76 80 0.25
284.25 77 80 0.25
284.5 79 80 0.25
284.75 76 80 0.25
285.0 72 80 0.25
285.25 70 80 0.25
285.5 72 80 0.25
285.75 77 80 0.25
286.0 70 80 0.25
286.5 69 80 0.5
287.0 70 80 0.5
287.5 69 80 0.5
288.0 65 80 1.5
