0.0 50 49 1.0
1.0 41 49 0.5
1.5 43 49 1.0
2.5 55 49 0.5
3.0 57 49 1.0
4.0 45 49 0.5
4.5 46 49 1.0
5.5 58 49 0.5
6.0 58 49 1.0
7.0 57 49 0.5
7.5 55 49 1.0
8.5 60 49 0.5
9.0 53 49 1.0
10.0 57 49 0.5
10.5 50 49 1.0
11.5 55 49 0.5
12.0 48 49 1.0
13.0 36 49 0.5
13.5 38 49 1.0
14.5 50 49 0.5
15.0 52 49 1.0
16.0 40 49 0.5
16.5 41 49 1.0
17.5 53 49 0.5
18.0 53 49 1.0
19.0 52 49 0.5
19.5 50 49 1.0
20.5 55 49 0.5
21.0 48 49 1.0
22.0 46 49 0.5
22.5 45 49 1.0
23.5 41 49 0.5
24.0 46 49 1.0
25.0 45 49 0.5
25.5 43 49 1.0
26.5 40 49 0.5
27.0 45 49 1.0
28.0 43 49 0.5
28.5 41 49 1.0
29.5 38 49 0.5
30.0 43 49 1.0
31.0 41 49 0.5
31.5 40 49 1.0
32.5 36 49 0.5
33.0 41 49 1.0
34.0 46 49 0.5
34.5 40 49 1.0
35.5 45 49 0.5
36.0 50 49 1.0
37.0 38 49 0.5
37.5 40 49 1.0
38.5 52 49 0.5
39.0 53 49 1.0
40.0 41 49 0.5
40.5 43 49 1.0
41.5 55 49 0.5
42.0 55 49 1.0
43.0 53 49 0.5
43.5 52 49 1.0
44.5 57 49 0.5
45.0 50 49 1.0
46.0 62 49 0.5
46.5 54 49 1.0
47.5 50 49 0.5
48.0 55 49 1.0
49.0 63 49 0.5
49.5 55 49 1.0
50.5 51 49 0.5
51.0 57 49 1.0
52.0 65 49 0.5
52.5 57 49 1.0
53.5 53 49 0.5
54.0 58 49 1.0
55.0 46 49 0.5
55.5 48 49 1.0
56.5 60 49 0.5
57.0 62 49 1.0
58.0 50 49 0.5
58.5 51 49 1.0
59.5 63 49 0.5
60.0 63 49 1.0
61.0 62 49 0.5
61.5 60 49 1.0
62.5 53 49 0.5
63.0 58 49 1.0
64.0 62 49 0.5
64.5 55 49 1.0
65.5 60 49 0.5
66.0 53 49 1.0
67.0 53 49 0.5
67.5 43 49 1.0
68.5 55 49 0.5
69.0 57 49 1.0
70.0 45 49 0.5
70.5 46 49 1.0
71.5 58 49 0.5
72.0 58 49 1.0
73.0 57 49 0.5
73.5 55 49 1.0
74.5 48 49 0.5
75.0 53 49 1.0
76.0 55 49 0.5
76.5 57 49 1.0
77.5 53 49 0.5
78.0 58 49 1.0
79.0 57 49 0.5
79.5 55 49 1.0
80.5 52 49 0.5
81.0 57 49 1.0
82.0 55 49 0.5
82.5 53 49 1.0
83.5 50 49 0.5
84.0 55 49 1.0
85.0 53 49 0.5
85.5 52 49 1.0
86.5 48 49 0.5
87.0 53 49 1.0
88.0 50 49 0.5
88.5 48 49 1.0
89.5 36 49 0.5
90.0 41 49 1.0
91.0 53 49 0.5
91.5 53 49 1.0
92.5 41 49 0.5
93.0 41 49 1.0
94.0 53 49 0.5
94.5 53 49 1.0
95.5 41 49 0.5
96.0 41 49 1.0
97.5 53 49 1.0
99.0 41 49 1.0
100.5 53 49 1.0
102.0 41 49 1.0
103.5 53 49 1.0
105.0 41 49 0.5
105.5 43 49 0.5
106.0 45 49 0.5
106.5 38 49 1.0
107.5 43 49 0.5
108.0 48 49 1.0
109.0 50 49 0.5
109.5 52 49 1.0
110.5 48 49 0.5
111.0 53 49 1.0
112.0 52 49 0.5
112.5 50 49 1.0
113.5 47 49 0.5
114.0 52 49 1.0
115.0 50 49 0.5
115.5 48 49 1.0
116.5 45 49 0.5
117.0 50 49 1.0
118.0 48 49 0.5
118.5 47 49 1.0
119.5 43 49 0.5
120.0 48 49 1.0
121.0 60 49 0.5
121.5 60 49 1.0
122.5 48 49 0.5
123.0 48 49 1.0
124.0 60 49 0.5
124.5 60 49 1.0
125.5 48 49 0.5
126.0 48 49 1.0
127.5 60 49 1.0
129.0 48 49 1.0
130.5 60 49 1.0
132.0 48 49 1.0
133.5 60 49 1.0
135.0 48 49 0.5
135.5 50 49 0.5
136.0 52 49 0.5
136.5 45 49 1.0
137.5 50 49 0.5
138.0 43 49 0.5
138.5 55 49 0.5
139.0 53 49 0.5
139.5 52 49 1.0
140.5 60 49 0.5
141.0 50 49 1.0
142.0 59 49 0.5
142.5 48 49 1.0
143.5 60 49 0.5
144.0 55 49 1.0
145.0 43 49 0.5
145.5 44 49 1.0
146.5 40 49 0.5
147.0 45 49 1.0
148.0 53 49 0.5
148.5 45 49 1.0
149.5 41 49 0.5
150.0 47 49 1.0
151.0 55 49 0.5
151.5 47 49 1.0
152.5 43 49 0.5
153.0 48 49 0.5
153.5 60 49 0.5
154.0 58 49 0.5
154.5 57 49 1.0
155.5 65 49 0.5
156.0 55 49 1.0
157.0 64 49 0.5
157.5 53 49 1.0
158.5 65 49 0.5
159.0 60 49 1.0
160.0 48 49 0.5
160.5 49 49 1.0
161.5 45 49 0.5
162.0 53 49 0.5
162.5 53 49 0.5
163.0 53 49 0.5
163.5 51 49 0.5
164.0 51 49 0.5
164.5 51 49 0.5
165.0 50 49 1.0
166.0 38 49 0.5
166.5 38 49 1.0
167.5 50 49 0.5
168.0 55 49 0.5
168.5 55 49 0.5
169.0 55 49 0.5
169.5 53 49 0.5
170.0 53 49 0.5
170.5 53 49 0.5
171.0 52 49 1.0
172.0 40 49 0.5
172.5 40 49 1.0
173.5 52 49 0.5
174.0 57 49 1.0
175.0 45 49 0.5
175.5 47 49 1.0
176.5 59 49 0.5
177.0 60 49 1.0
178.0 48 49 0.5
178.5 50 49 1.0
179.5 62 49 0.5
180.0 62 49 1.0
181.0 60 49 0.5
181.5 59 49 1.0
182.5 52 49 0.5
183.0 57 49 1.0
184.0 53 49 0.5
184.5 52 49 1.0
185.5 45 49 0.5
186.0 50 49 1.0
187.0 38 49 0.5
187.5 40 49 1.0
188.5 52 49 0.5
189.0 53 49 1.0
190.0 41 49 0.5
190.5 43 49 1.0
191.5 55 49 0.5
192.0 55 49 1.0
193.0 53 49 0.5
193.5 52 49 1.0
194.5 45 49 0.5
195.0 50 49 1.0
196.0 38 49 0.5
196.5 38 49 1.0
197.5 50 49 0.5
198.0 50 49 1.0
199.0 38 49 0.5
199.5 38 49 1.0
200.5 50 49 0.5
201.0 50 49 1.0
202.0 62 49 0.5
202.5 54 49 1.0
203.5 50 49 0.5
204.0 55 49 1.0
205.0 63 49 0.5
205.5 55 49 1.0
206.5 51 49 0.5
207.0 57 49 1.0
208.0 65 49 0.5
208.5 57 49 1.0
209.5 53 49 0.5
210.0 58 49 1.0
211.5 46 49 1.0
213.0 58 49 1.0
214.5 46 49 1.0
216.0 58 49 1.0
217.5 46 49 1.0
219.0 58 49 0.5
219.5 58 49 0.5
220.0 58 49 0.5
220.5 56 49 0.5
221.0 56 49 0.5
221.5 56 49 0.5
222.0 55 49 1.0
223.0 43 49 0.5
223.5 43 49 1.0
224.5 55 49 0.5
225.0 60 49 0.5
225.5 60 49 0.5
226.0 60 49 0.5
226.5 58 49 0.5
227.0 58 49 0.5
227.5 58 49 0.5
228.0 57 49 1.0
229.0 45 49 0.5
229.5 45 49 1.0
230.5 57 49 0.5
231.0 62 49 1.0
232.0 50 49 0.5
232.5 52 49 1.0
233.5 48 49 0.5
234.0 53 49 1.0
235.0 41 49 0.5
235.5 43 49 1.0
236.5 55 49 0.5
237.0 57 49 1.0
238.0 45 49 0.5
238.5 46 49 1.0
239.5 58 49 0.5
240.0 58 49 1.0
241.0 57 49 0.5
241.5 55 49 1.0
242.5 60 49 0.5
243.0 53 49 1.0
244.0 57 49 0.5
244.5 50 49 1.0
245.5 55 49 0.5
246.0 48 49 1.0
247.0 36 49 0.5
247.5 38 49 1.0
248.5 50 49 0.5
249.0 52 49 1.0
250.0 40 49 0.5
250.5 41 49 1.0
251.5 53 49 0.5
252.0 53 49 1.0
253.0 52 49 0.5
253.5 50 49 1.0
254.5 55 49 0.5
255.0 48 49 1.0
256.0 46 49 0.5
256.5 45 49 1.0
257.5 41 49 0.5
258.0 46 49 1.0
259.0 45 49 0.5
259.5 43 49 1.0
260.5 40 49 0.5
261.0 45 49 1.0
262.0 43 49 0.5
262.5 41 49 1.0
263.5 38 49 0.5
264.0 43 49 1.0
265.0 41 49 0.5
265.5 40 49 1.0
266.5 36 49 0.5
267.0 41 49 1.0
268.0 53 49 0.5
268.5 53 49 1.0
269.5 41 49 0.5
270.0 41 49 1.0
271.0 53 49 0.5
271.5 53 49 1.0
272.5 41 49 0.5
273.0 41 49 1.0
274.0 53 49 0.5
274.5 57 49 1.0
275.5 53 49 0.5
276.0 58 49 1.0
277.0 57 49 0.5
277.5 55 49 1.0
278.5 52 49 0.5
279.0 57 49 1.0
280.0 55 49 0.5
280.5 53 49 1.0
281.5 50 49 0.5
282.0 55 49 1.0
283.0 53 49 0.5
283.5 52 49 1.0
284.5 48 49 0.5
285.0 53 49 1.0
286.0 50 49 0.5
286.5 48 49 1.0
287.5 36 49 0.5
288.0 41 49 1.5
