0.0 65 49 1.0
1.5 58 49 1.0
3.0 65 49 1.0
4.5 62 49 1.0
6.0 67 49 1.0
7.0 72 49 0.5
7.5 74 49 1.0
8.5 72 49 0.5
9.0 72 49 1.0
10.0 69 49 0.5
10.5 69 49 1.0
11.5 67 49 0.5
12.0 67 49 1.0
13.5 65 49 1.0
15.0 72 49 1.0
16.5 69 49 1.0
18.0 74 49 1.0
19.0 76 49 0.5
19.5 69 49 1.0
20.5 67 49 0.5
21.0 67 49 1.0
23.5 65 49 0.5
24.0 65 49 1.0
26.5 64 49 0.5
27.0 64 49 1.0
29.5 62 49 0.5
30.0 62 49 1.0
32.5 64 49 0.5
33.0 60 49 1.0
34.0 58 49 0.5
34.5 70 49 1.0
35.5 69 49 0.5
36.0 69 49 1.0
37.5 67 49 1.0
39.0 65 49 1.0
40.5 65 49 1.0
42.0 64 49 1.0
43.0 57 49 0.5
43.5 64 49 1.0
44.5 61 49 0.5
45.0 57 49 1.0
47.5 66 49 0.5
48.0 62 49 1.0
50.5 63 49 0.5
51.0 63 49 1.0
53.5 63 49 0.5
54.0 62 49 1.0
55.5 60 49 1.0
57.0 65 49 1.0
58.5 70 49 1.0
60.0 72 49 1.0
61.0 74 49 0.5
61.5 67 49 1.0
62.5 65 49 0.5
63.0 65 49 1.0
64.0 62 49 0.5
64.5 74 49 1.0
65.5 72 49 0.5
66.0 72 49 1.0
67.5 67 49 1.0
69.0 72 49 1.0
70.5 65 49 1.0
72.0 72 49 1.0
73.0 72 49 0.5
73.5 70 49 1.0
74.5 67 49 0.5
75.0 65 49 1.0
77.5 65 49 0.5
78.0 65 49 1.0
80.5 64 49 0.5
81.0 64 49 1.0
83.5 62 49 0.5
84.0 62 49 1.0
86.5 64 49 0.5
87.0 65 49 1.0
88.0 65 49 1.0
89.0 67 49 0.5
89.5 64 49 0.5
90.0 60 49 1.0
97.0 70 49 0.5
97.5 65 49 1.0
98.5 62 49 0.5
100.0 69 49 0.5
100.5 65 49 1.0
101.5 60 49 0.5
103.0 65 49 0.5
103.5 64 49 1.0
104.5 58 49 0.5
105.0 60 49 1.0
110.5 72 49 0.5
111.0 72 49 1.0
113.5 71 49 0.5
114.0 71 49 1.0
116.5 69 49 0.5
117.0 69 49 1.0
119.5 71 49 0.5
120.0 67 49 1.0
127.0 77 49 0.5
127.5 72 49 1.0
128.5 69 49 0.5
130.0 76 49 0.5
130.5 72 49 1.0
131.5 67 49 0.5
133.0 72 49 0.5
133.5 71 49 1.0
134.5 65 49 0.5
135.0 67 49 1.0
139.5 72 49 1.0
141.0 71 49 1.0
142.5 72 49 1.0
144.0 71 49 1.0
146.5 68 49 0.5
147.0 64 49 1.0
149.5 69 49 0.5
150.0 67 49 1.0
152.5 71 49 0.5
153.0 67 49 1.0
154.5 69 49 1.0
156.0 70 49 1.0
157.5 72 49 1.0
159.0 76 49 1.0
161.5 73 49 0.5
162.0 72 49 1.5
163.5 77 49 1.5
165.0 78 49 3.0
168.0 79 49 3.0
171.0 80 49 3.0
174.0 81 49 1.0
175.5 77 49 1.0
177.0 76 49 1.0
178.5 69 49 1.0
180.0 71 49 1.0
181.0 69 49 0.5
181.5 71 49 1.0
182.5 71 49 0.5
183.0 69 49 1.0
184.0 69 49 0.5
184.5 70 49 1.0
185.5 69 49 0.5
186.0 69 49 1.0
187.5 67 49 1.0
189.0 74 49 1.0
190.5 70 49 1.0
192.0 64 49 1.0
193.0 65 49 0.5
193.5 70 49 1.0
194.5 69 49 0.5
195.0 69 49 1.0
203.5 66 49 0.5
204.0 62 49 1.0
206.5 70 49 0.5
207.0 65 49 1.0
209.5 69 49 0.5
210.0 65 49 1.0
211.0 62 49 0.5
211.5 70 49 1.0
212.5 67 49 0.5
214.0 74 49 0.5
214.5 70 49 1.0
215.5 65 49 0.5
217.0 70 49 0.5
217.5 69 49 1.0
218.5 63 49 0.5
219.0 65 49 1.5
220.5 70 49 1.5
222.0 71 49 3.0
225.0 72 49 3.0
228.0 73 49 3.0
231.0 74 49 1.0
232.0 74 49 0.5
232.5 72 49 1.0
233.5 76 49 0.5
234.0 77 49 1.0
235.5 74 49 1.0
237.0 69 49 1.0
238.5 65 49 1.0
240.0 60 49 1.0
241.0 72 49 0.5
241.5 74 49 1.0
242.5 72 49 0.5
243.0 72 49 1.0
244.0 69 49 0.5
244.5 69 49 1.0
245.5 67 49 0.5
246.0 67 49 1.0
247.5 65 49 1.0
249.0 72 49 1.0
250.5 69 49 1.0
252.0 74 49 1.0
253.0 76 49 0.5
253.5 69 49 1.0
254.5 67 49 0.5
255.0 67 49 1.0
257.5 65 49 0.5
258.0 65 49 1.0
260.5 64 49 0.5
261.0 64 49 1.0
263.5 62 49 0.5
264.0 62 49 1.0
266.5 64 49 0.5
267.0 60 49 1.0
275.5 65 49 0.5
276.0 65 49 1.0
278.5 64 49 0.5
279.0 64 49 1.0
281.5 62 49 0.5
282.0 62 49 1.0
284.5 64 49 0.5
285.0 65 49 1.0
286.0 65 49 1.0
287.0 67 49 0.5
287.5 64 49 0.5
288.0 65 49 1.5
