0.0 77 80 2.0
2.0 76 80 0.5
2.5 74 80 0.5
3.0 72 80 2.0
5.0 70 80 0.5
5.5 69 80 0.5
6.0 67 80 0.5
6.5 64 80 0.5
7.0 65 80 0.5
7.5 70 80 1.5
9.0 70 80 0.5
9.5 69 80 0.5
10.0 72 80 0.5
10.5 77 80 0.5
11.0 79 80 0.25
11.25 77 80 0.25
11.5 76 80 0.25
11.75 74 80 0.25
12.0 76 80 0.25
12.25 74 80 0.25
12.5 76 80 0.25
12.75 72 80 0.25
13.0 67 80 0.25
13.25 72 80 0.25
13.5 77 80 0.25
13.75 76 80 0.25
14.0 77 80 0.25
14.25 74 80 0.25
14.5 71 80 0.25
14.75 74 80 0.25
15.0 79 80 0.25
15.25 77 80 0.25
15.5 79 80 0.25
15.75 76 80 0.25
16.0 72 80 0.25
16.25 76 80 0.25
16.5 81 80 0.25
16.75 79 80 0.25
17.0 81 80 0.25
17.25 77 80 0.25
17.5 79 80 0.25
17.75 81 80 0.25
18.0 71 80 0.5
18.5 79 80 0.5
19.0 72 80 1.0
20.0 69 80 0.5
20.5 71 80 0.5
21.0 72 80 0.25
21.25 71 80 0.25
21.5 72 80 0.25
21.75 67 80 0.25
22.0 64 80 0.25
22.25 67 80 0.25
22.5 65 80 0.25
22.75 67 80 0.25
23.0 69 80 0.25
23.25 70 80 0.25
23.5 72 80 0.25
23.75 69 80 0.25
24.0 65 80 0.25
24.25 63 80 0.25
24.5 65 80 0.25
24.75 70 80 0.25
25.0 62 80 0.25
25.25 65 80 0.25
25.5 64 80 0.25
25.75 65 80 0.25
26.0 67 80 0.25
26.25 69 80 0.25
26.5 70 80 0.25
26.75 67 80 0.25
27.0 64 80 0.25
27.25 62 80 0.25
27.5 64 80 0.25
27.75 69 80 0.25
28.0 60 80 0.25
28.25 64 80 0.25
28.5 62 80 0.25
28.75 64 80 0.25
29.0 65 80 0.25
29.25 67 80 0.25
29.5 69 80 0.25
29.75 65 80 0.25
30.0 62 80 0.25
30.25 60 80 0.25
30.5 62 80 0.25
30.75 67 80 0.25
31.0 58 80 0.25
31.25 62 80 0.25
31.5 60 80 0.25
31.75 62 80 0.25
32.0 64 80 0.25
32.25 65 80 0.25
32.5 67 80 0.25
32.75 64 80 0.25
33.0 65 80 1.0
36.0 74 80 2.0
38.0 72 80 0.5
38.5 70 80 0.5
39.0 69 80 2.0
41.0 67 80 0.5
41.5 65 80 0.5
42.0 64 80 0.5
42.5 61 80 0.5
43.0 62 80 0.5
43.5 67 80 1.75
45.25 64 80 0.25
45.5 66 80 0.25
45.75 67 80 0.25
46.0 69 80 0.25
46.25 70 80 0.25
46.5 72 80 0.25
46.75 75 80 0.25
47.0 74 80 0.25
47.25 72 80 0.25
47.5 70 80 0.25
47.75 69 80 0.25
48.0 70 80 1.0
50.0 70 80 1.25
51.25 67 80 0.25
51.5 69 80 0.25
51.75 70 80 0.25
52.0 72 80 0.25
52.25 74 80 0.25
52.5 75 80 0.25
52.75 79 80 0.25
53.0 77 80 0.25
53.25 75 80 0.25
53.5 74 80 0.25
53.75 72 80 0.25
54.0 74 80 0.25
54.25 72 80 0.25
54.5 74 80 0.25
54.75 70 80 0.25
55.0 65 80 0.25
55.25 70 80 0.25
55.5 75 80 0.25
55.75 74 80 0.25
56.0 75 80 0.25
56.25 72 80 0.25
56.5 69 80 0.25
56.75 72 80 0.25
57.0 77 80 0.25
57.25 75 80 0.25
57.5 77 80 0.25
57.75 74 80 0.25
58.0 70 80 0.25
58.25 74 80 0.25
58.5 79 80 0.25
58.75 77 80 0.25
59.0 79 80 0.25
59.25 75 80 0.25
59.5 77 80 0.25
59.75 79 80 0.25
60.0 69 80 0.5
60.5 77 80 0.5
61.0 70 80 1.0
62.0 67 80 0.5
62.5 69 80 0.5
63.0 70 80 1.5
66.0 77 80 2.0
68.0 76 80 0.5
68.5 74 80 0.5
69.0 72 80 2.0
71.0 70 80 0.5
71.5 69 80 0.5
72.0 67 80 0.5
72.5 64 80 0.5
73.0 65 80 0.5
73.5 70 80 2.0
75.5 69 80 0.5
76.0 70 80 0.5
76.5 72 80 1.0
77.5 63 80 1.0
78.5 62 80 0.5
79.0 65 80 0.5
79.5 70 80 1.0
80.5 62 80 1.0
81.5 60 80 0.5
82.0 64 80 0.5
82.5 69 80 1.0
83.5 60 80 1.0
84.5 58 80 0.5
85.0 62 80 0.5
85.5 67 80 1.0
86.5 58 80 1.0
87.5 57 80 0.5
88.0 60 80 0.5
88.5 65 80 0.5
89.0 67 80 0.5
89.5 64 80 0.5
90.0 65 80 0.25
90.25 60 80 0.25
90.5 62 80 0.25
90.75 58 80 0.25
91.0 60 80 0.5
91.5 70 80 0.25
92.0 69 80 0.25
92.5 67 80 0.25
93.0 65 80 1.0
94.5 62 80 0.25
95.0 60 80 0.25
95.5 58 80 0.25
96.0 57 80 1.0
97.5 70 80 1.75
99.25 69 80 0.25
99.5 76 80 0.5
100.0 77 80 0.5
100.5 69 80 1.75
102.25 67 80 0.25
102.5 76 80 0.25
103.0 77 80 0.25
103.5 67 80 1.75
105.25 65 80 0.25
105.5 76 80 0.25
106.0 77 80 0.25
106.5 65 80 2.0
108.5 64 80 1.0
109.5 79 80 1.0
110.5 70 80 1.0
111.5 69 80 0.5
112.0 72 80 0.5
112.5 77 80 1.0
113.5 69 80 1.0
114.5 67 80 0.5
115.0 71 80 0.5
115.5 74 80 1.0
116.5 67 80 1.0
117.5 65 80 0.5
118.0 69 80 0.5
118.5 74 80 1.0
119.5 65 80 1.0
120.5 64 80 0.5
121.5 69 80 0.25
122.0 67 80 0.25
122.5 65 80 0.25
123.0 64 80 0.25
123.25 67 80 0.25
123.5 69 80 0.25
123.75 65 80 0.25
124.0 67 80 0.25
124.5 77 80 0.25
125.0 76 80 0.25
125.5 74 80 0.25
126.0 72 80 0.5
126.5 81 80 1.5
128.0 83 80 0.5
128.5 84 80 0.5
129.0 79 80 2.0
131.0 83 80 0.5
131.5 84 80 0.5
132.0 77 80 2.0
134.0 83 80 0.75
134.75 84 80 0.125
134.875 86 80 0.125
135.0 76 80 1.5
136.5 78 80 0.375
136.875 79 80 0.125
137.0 78 80 0.125
137.0 79 80 0.125
137.125 78 80 0.125
137.25 79 80 0.125
137.25 78 80 0.125
137.375 79 80 0.125
137.5 78 80 0.125
137.5 79 80 0.125
137.625 78 80 0.125
137.66666666666666 79 80 0.125
137.75 78 80 0.125
137.875 79 80 0.125
138.0 79 80 1.0
139.0 67 80 0.5
139.5 55 80 1.0
140.5 79 80 0.5
141.0 77 80 1.0
142.0 67 80 0.5
142.5 55 80 1.0
143.5 76 80 0.5
144.0 74 80 0.25
144.25 66 80 0.25
144.5 67 80 0.25
144.75 69 80 0.25
145.0 71 80 0.25
145.25 72 80 0.25
145.5 74 80 0.25
145.75 77 80 0.25
146.0 76 80 0.25
146.25 74 80 0.25
146.5 72 80 0.25
146.75 71 80 0.25
147.0 72 80 2.0
149.0 72 80 1.25
150.25 69 80 0.25
150.5 71 80 0.25
150.75 72 80 0.25
151.0 74 80 0.25
151.25 76 80 0.25
151.5 77 80 0.25
151.75 81 80 0.25
152.0 79 80 0.25
152.25 77 80 0.25
152.5 76 80 0.25
152.75 74 80 0.25
153.0 76 80 0.25
153.25 74 80 0.25
153.5 76 80 0.25
153.75 72 80 0.25
154.0 67 80 0.25
154.25 72 80 0.25
154.5 77 80 0.25
154.75 76 80 0.25
155.0 77 80 0.25
155.25 72 80 0.25
155.5 69 80 0.25
155.75 72 80 0.25
156.0 79 80 0.25
156.25 77 80 0.25
156.5 79 80 0.25
156.75 76 80 0.25
157.0 72 80 0.25
157.25 76 80 0.25
157.5 81 80 0.25
157.75 79 80 0.25
158.0 81 80 0.25
158.25 77 80 0.25
158.5 69 80 0.25
158.75 77 80 0.25
159.0 76 80 1.0
161.0 76 80 2.0
163.0 69 80 0.5
163.5 60 80 1.0
164.5 81 80 0.5
165.0 78 80 1.0
166.0 69 80 0.5
166.5 62 80 1.0
167.5 81 80 0.5
168.0 82 80 0.25
168.25 81 80 0.25
168.5 82 80 0.25
168.75 79 80 0.25
169.0 74 80 0.25
169.25 79 80 0.25
169.5 82 80 0.25
169.75 81 80 0.25
170.0 82 80 0.25
170.25 79 80 0.25
170.5 74 80 0.25
170.75 79 80 0.25
171.0 83 80 0.25
171.25 81 80 0.25
171.5 83 80 0.25
171.75 80 80 0.25
172.0 74 80 0.25
172.25 80 80 0.25
172.5 83 80 0.25
172.75 81 80 0.25
173.0 83 80 0.25
173.25 80 80 0.25
173.5 74 80 0.25
173.75 80 80 0.25
174.0 81 80 2.0
176.0 79 80 0.5
176.5 77 80 0.5
177.0 76 80 2.0
179.0 74 80 0.5
179.5 72 80 0.5
180.0 71 80 0.5
180.5 68 80 0.5
181.0 69 80 0.5
181.5 74 80 1.5
183.0 74 80 0.5
183.5 73 80 0.5
184.0 74 80 0.5
184.5 79 80 0.5
185.0 81 80 0.25
185.25 79 80 0.25
185.5 77 80 0.25
185.75 76 80 0.25
186.0 77 80 0.25
186.25 76 80 0.25
186.5 77 80 0.25
186.75 74 80 0.25
187.0 69 80 0.25
187.25 74 80 0.25
187.5 79 80 0.25
187.75 77 80 0.25
188.0 79 80 0.25
188.25 76 80 0.25
188.5 72 80 0.25
188.75 76 80 0.25
189.0 81 80 0.25
189.25 79 80 0.25
189.5 81 80 0.25
189.75 77 80 0.25
190.0 74 80 0.25
190.25 77 80 0.25
190.5 82 80 0.25
190.75 81 80 0.25
191.0 82 80 0.25
191.25 79 80 0.25
191.5 81 80 0.25
191.75 82 80 0.25
192.0 73 80 0.5
192.5 81 80 0.5
193.0 74 80 1.0
194.0 71 80 0.5
194.5 73 80 0.5
195.0 74 80 0.25
195.25 69 80 0.25
195.5 70 80 0.25
195.75 67 80 0.25
196.0 69 80 0.25
196.5 79 80 0.25
197.0 77 80 0.25
197.5 76 80 0.25
198.0 74 80 1.0
199.5 70 80 0.25
200.0 69 80 0.25
200.5 67 80 0.25
201.0 65 80 0.25
201.25 64 80 0.25
201.5 65 80 0.25
201.75 67 80 0.25
202.0 69 80 0.25
202.25 70 80 0.25
202.5 72 80 0.25
202.75 75 80 0.25
203.0 74 80 0.25
203.25 72 80 0.25
203.5 70 80 0.25
203.75 69 80 0.25
204.0 70 80 1.0
206.0 70 80 1.0
207.0 70 80 0.25
207.25 67 80 0.25
207.5 69 80 0.25
207.75 70 80 0.25
208.0 72 80 0.25
208.25 74 80 0.25
208.5 75 80 0.25
208.75 79 80 0.25
209.0 77 80 0.25
209.25 75 80 0.25
209.5 74 80 0.25
209.75 72 80 0.25
210.0 74 80 0.5
210.5 79 80 1.5
212.0 81 80 0.5
212.5 82 80 0.5
213.0 77 80 1.5
214.5 77 80 0.5
215.0 81 80 0.5
215.5 82 80 0.5
216.0 75 80 2.0
218.0 81 80 0.75
218.75 82 80 0.125
218.875 84 80 0.125
219.0 74 80 0.25
219.25 72 80 0.25
219.5 74 80 0.25
219.75 70 80 0.25
220.0 65 80 0.25
220.25 70 80 0.25
220.5 74 80 0.25
220.75 72 80 0.25
221.0 74 80 0.25
221.25 70 80 0.25
221.5 65 80 0.25
221.75 70 80 0.25
222.0 74 80 0.25
222.25 72 80 0.25
222.5 74 80 0.25
222.75 71 80 0.25
223.0 65 80 0.25
223.25 71 80 0.25
223.5 74 80 0.25
223.75 72 80 0.25
224.0 74 80 0.25
224.25 71 80 0.25
224.5 65 80 0.25
224.75 71 80 0.25
225.0 72 80 1.0
226.0 63 80 0.5
226.5 55 80 1.0
227.5 75 80 0.5
228.0 73 80 1.0
229.0 64 80 0.5
229.5 57 80 1.0
230.5 76 80 0.5
231.0 77 80 0.25
231.25 76 80 0.25
231.5 74 80 0.25
231.75 73 80 0.25
232.0 74 80 0.5
234.0 77 80 2.0
236.0 76 80 0.5
236.5 74 80 0.5
237.0 72 80 2.0
239.0 70 80 0.5
239.5 69 80 0.5
240.0 67 80 0.5
240.5 64 80 0.5
241.0 65 80 0.5
241.5 70 80 2.0
243.5 69 80 0.5
244.0 72 80 0.5
244.5 77 80 0.5
245.0 79 80 0.25
245.25 77 80 0.25
245.5 76 80 0.25
245.75 74 80 0.25
246.0 76 80 0.25
246.25 74 80 0.25
246.5 76 80 0.25
246.75 72 80 0.25
247.0 67 80 0.25
247.25 72 80 0.25
247.5 77 80 0.25
247.75 76 80 0.25
248.0 77 80 0.25
248.25 74 80 0.25
248.5 71 80 0.25
248.75 74 80 0.25
249.0 79 80 0.25
249.25 77 80 0.25
249.5 79 80 0.25
249.75 76 80 0.25
250.0 72 80 0.25
250.25 76 80 0.25
250.5 81 80 0.25
250.75 79 80 0.25
251.0 81 80 0.25
251.25 77 80 0.25
251.5 79 80 0.25
251.75 81 80 0.25
252.0 71 80 0.5
252.5 79 80 0.5
253.0 72 80 1.0
254.0 69 80 0.5
254.5 71 80 0.5
255.0 72 80 0.25
255.25 71 80 0.25
255.5 72 80 0.25
255.75 67 80 0.25
256.0 64 80 0.25
256.25 67 80 0.25
256.5 65 80 0.25
256.75 67 80 0.25
257.0 69 80 0.25
257.25 70 80 0.25
257.5 72 80 0.25
257.75 69 80 0.25
258.0 65 80 0.25
258.25 63 80 0.25
258.5 65 80 0.25
258.75 70 80 0.25
259.0 62 80 0.25
259.25 65 80 0.25
259.5 64 80 0.25
259.75 65 80 0.25
260.0 67 80 0.25
260.25 69 80 0.25
260.5 70 80 0.25
260.75 67 80 0.25
261.0 64 80 0.25
261.25 62 80 0.25
261.5 64 80 0.25
261.75 69 80 0.25
262.0 60 80 0.25
262.25 64 80 0.25
262.5 62 80 0.25
262.75 64 80 0.25
263.0 65 80 0.25
263.25 67 80 0.25
263.5 69 80 0.25
263.75 65 80 0.25
264.0 62 80 0.25
264.25 60 80 0.25
264.5 62 80 0.25
264.75 70 80 0.25
265.0 58 80 0.25
265.25 62 80 0.25
265.5 60 80 0.25
265.75 62 80 0.25
266.0 64 80 0.25
266.25 65 80 0.25
266.5 67 80 0.25
266.75 64 80 0.25
267.0 65 80 0.25
267.25 60 80 0.25
267.5 62 80 0.25
267.75 58 80 0.25
268.0 60 80 0.5
268.5 70 80 0.25
269.0 69 80 0.25
269.5 67 80 0.25
270.0 65 80 1.5
271.5 65 80 0.25
272.0 64 80 0.25
272.5 62 80 0.25
273.0 57 80 0.25
273.25 60 80 0.25
273.5 65 80 0.25
273.75 67 80 0.25
274.0 69 80 0.25
274.25 70 80 0.25
274.5 72 80 1.0
275.5 63 80 1.0
276.5 62 80 0.5
277.0 65 80 0.5
277.5 70 80 1.0
278.5 62 80 1.0
279.5 60 80 0.5
280.0 64 80 0.5
280.5 69 80 1.0
281.5 60 80 1.0
282.5 58 80 0.5
283.0 62 80 0.5
283.5 67 80 1.0
284.5 58 80 0.5
285.0 57 80 0.5
285.5 57 80 0.5
286.0 65 80 1.0
287.0 67 80 0.5
287.5 64 80 0.5
288.0 65 80 1.5
