0.0 69 49 1.0
1.5 70 49 1.0
3.0 72 49 1.0
4.5 74 49 1.0
6.0 76 49 0.5
6.5 72 49 0.5
7.0 77 49 0.5
7.5 77 49 0.5
8.0 74 49 0.5
8.5 76 49 0.5
9.0 77 49 1.0
10.0 72 49 0.5
10.5 72 49 1.0
11.5 71 49 0.5
12.0 72 49 1.0
13.5 77 49 1.0
15.0 76 49 1.0
16.5 72 49 1.0
18.0 79 49 1.0
19.0 79 49 0.5
19.5 77 49 1.0
20.5 74 49 0.5
21.0 72 49 1.0
23.5 72 49 1.0
24.5 70 49 0.5
26.5 70 49 1.0
27.5 69 49 0.5
29.5 69 49 1.0
30.5 67 49 0.5
32.5 72 49 1.0
33.5 77 49 0.5
34.0 74 49 0.5
34.5 74 49 1.0
35.5 73 49 0.5
36.0 74 49 1.0
37.5 79 49 1.0
39.0 72 49 1.0
40.5 70 49 1.0
42.0 69 49 1.0
43.0 81 49 0.5
43.5 79 49 1.0
44.5 76 49 0.5
45.0 74 49 1.0
47.5 72 49 0.5
48.0 70 49 1.0
50.5 67 49 0.5
51.0 65 49 1.0
53.5 69 49 0.5
54.0 70 49 1.0
55.5 75 49 1.0
57.0 74 49 1.0
58.5 79 49 1.0
60.0 77 49 1.0
61.0 77 49 0.5
61.5 75 49 1.0
62.5 72 49 0.5
63.0 70 49 1.0
64.0 77 49 0.5
64.5 77 49 1.0
65.5 76 49 0.5
66.0 77 49 1.0
67.5 70 49 1.0
69.0 77 49 1.0
70.5 77 49 1.0
72.0 79 49 1.0
73.0 81 49 0.5
73.5 74 49 1.0
74.5 72 49 0.5
75.0 72 49 1.0
77.5 84 49 1.0
78.5 82 49 0.5
80.5 82 49 1.0
81.5 81 49 0.5
83.5 81 49 1.0
84.5 79 49 0.5
86.5 79 49 1.0
87.5 77 49 0.5
88.0 70 49 0.5
88.5 69 49 0.5
89.0 70 49 0.5
89.5 67 49 0.5
90.0 65 49 1.0
97.0 74 49 0.5
97.5 70 49 1.0
98.5 65 49 0.5
100.0 72 49 0.5
100.5 69 49 1.0
101.5 65 49 0.5
103.0 70 49 0.5
103.5 67 49 1.0
104.5 64 49 0.5
105.0 69 49 1.0
110.5 79 49 1.0
111.5 77 49 0.5
113.5 77 49 1.0
114.5 76 49 0.5
116.5 76 49 1.0
117.5 74 49 0.5
119.5 74 49 0.5
120.0 72 49 1.0
127.0 81 49 0.5
127.5 77 49 1.0
128.5 72 49 0.5
130.0 79 49 0.5
130.5 76 49 1.0
131.5 72 49 0.5
133.0 77 49 0.5
133.5 74 49 1.0
134.5 71 49 0.5
135.0 76 49 1.0
139.5 79 49 1.0
141.0 77 49 1.0
142.5 76 49 1.0
144.0 74 49 1.0
146.5 76 49 0.5
147.0 72 49 1.0
149.5 77 49 0.5
150.0 74 49 1.0
152.5 79 49 0.5
153.0 76 49 1.0
154.5 81 49 1.0
156.0 79 49 1.0
157.5 81 49 1.0
159.0 79 49 1.0
161.5 81 49 0.5
162.0 81 49 6.0
168.0 82 49 3.0
171.0 83 49 3.0
174.0 84 49 1.0
175.5 74 49 1.0
177.0 81 49 1.0
178.5 77 49 1.0
180.0 68 49 0.5
180.5 76 49 0.5
181.0 81 49 1.0
182.0 78 49 0.5
182.5 80 49 0.5
183.0 81 49 1.0
184.0 74 49 0.5
184.5 74 49 1.0
185.5 73 49 0.5
186.0 74 49 1.0
187.5 79 49 1.0
189.0 77 49 1.0
190.5 74 49 1.0
192.0 81 49 1.0
193.0 81 49 0.5
193.5 79 49 1.0
194.5 76 49 0.5
195.0 74 49 1.0
203.5 74 49 0.5
204.0 70 49 1.0
206.5 75 49 0.5
207.0 72 49 1.0
209.5 77 49 0.5
210.0 74 49 1.0
211.0 70 49 0.5
211.5 75 49 1.0
212.5 70 49 0.5
214.0 77 49 0.5
214.5 74 49 1.0
215.5 70 49 0.5
217.0 75 49 0.5
217.5 72 49 1.0
218.5 69 49 0.5
219.0 74 49 3.0
222.0 74 49 3.0
225.0 75 49 3.0
228.0 76 49 3.0
231.0 77 49 1.0
232.0 77 49 0.5
232.5 79 49 1.0
233.5 70 49 0.5
234.0 69 49 1.0
235.5 70 49 1.0
237.0 72 49 1.0
238.5 74 49 1.0
240.0 76 49 0.5
240.5 72 49 0.5
241.0 77 49 1.0
242.0 74 49 0.5
242.5 76 49 0.5
243.0 77 49 1.0
244.0 72 49 0.5
244.5 72 49 1.0
245.5 71 49 0.5
246.0 72 49 1.0
247.5 77 49 1.0
249.0 76 49 1.0
250.5 72 49 1.0
252.0 79 49 1.0
253.0 79 49 0.5
253.5 77 49 1.0
254.5 74 49 0.5
255.0 72 49 1.0
257.5 72 49 0.5
258.0 72 49 0.5
258.5 70 49 0.5
260.5 70 49 1.0
261.5 69 49 0.5
263.5 69 49 1.0
264.5 67 49 0.5
266.5 67 49 0.5
267.0 65 49 1.0
275.5 84 49 1.0
276.5 82 49 0.5
278.5 82 49 1.0
279.5 81 49 0.5
281.5 81 49 1.0
282.5 79 49 0.5
284.5 79 49 1.0
285.5 77 49 0.5
286.0 70 49 0.5
286.5 69 49 0.5
287.0 70 49 0.5
287.5 67 49 0.5
288.0 65 49 1.5
